0
velocity:[]
predictPositions[]
1
velocity:[[-0.18320652614564562, -0.06898704421992002, -0.03226129168094283]]
predictPositions[[2.5959746837615967, -0.12757360190153122, 0.857131838798523]]
2
velocity:[[-0.011472237923387973, -0.04204048273837993, -0.0020201965302839254]]
predictPositions[[2.610158920288086, -0.13050594180822372, 0.8596295714378357]]
3
frame_3_measure[[2.6077992916107178, -0.11733505129814148, 0.8592140674591064, 0.0, 1.4545714855194092, 1.4445892572402954, 1.4453471899032593]]
update:[array([[ 2.60801361],
       [-0.11853132],
       [ 0.85925181]])]
velocity:[[-0.020178203039158623, 0.04366017367469932, -0.0035531960233674493]]
predictPositions[[2.6046101618202897, -0.11116717945273413, 0.8586524905777324]]
4
frame_3_measure[[2.6136229038238525, -0.12118387222290039, 0.860239565372467, 0.0, 1.4552422761917114, 1.4446415901184082, 1.445465326309204]]
update:[array([[ 2.60892675],
       [-0.1159646 ],
       [ 0.85941261]])]
velocity:[[0.008147115680201293, 0.022900566155001287, 0.001434691118564755]]
predictPositions[[2.609839883049186, -0.11339787842570864, 0.8595734096165923]]
5
frame_3_measure[[2.624361038208008, -0.12003834545612335, 0.8621304631233215, 0.0, 1.4564971923828125, 1.4447754621505737, 1.4456862211227417]]
update:[array([[ 2.61460837],
       [-0.11557849],
       [ 0.8604131 ]])]
velocity:[[0.06230564258616069, 0.0042341164826099655, 0.010971565018416292]]
predictPositions[[2.6202900018635016, -0.11519238297539316, 0.86141359368119]]



6
frame_3_measure[[2.6270291805267334, -0.11525067687034607, 0.8626003265380859, 0.0, 1.4568126201629639, 1.4448320865631104, 1.4457417726516724]]
update:[array([[ 2.62199386],
       [-0.11520712],
       [ 0.86171363]])]
velocity:[[0.07285395347229001, 0.0036633594836731867, 0.012829077595511156]]
predictPositions[[2.629379354189432, -0.11483575230485434, 0.8630141683430618]]
7
frame_3_measure[[2.6357266902923584, -0.12108485400676727, 0.8641318678855896, 0.0, 1.4578502178192139, 1.4449074268341064, 1.4459245204925537]]
update:[array([[ 2.63070041],
       [-0.11613636],
       [ 0.86324679]])]
velocity:[[0.08671612504428808, -0.009255117460440287, 0.01527006360999779]]
predictPositions[[2.639406953075578, -0.11706560139038144, 0.864779949837397]]
8 %%%%%%%%%
frame_3_measure[[2.6273207664489746, -0.11071553826332092, 0.8626516461372375, 0.0, 1.456847071647644, 1.4448589086532593, 1.4457478523254395]]
update:[array([[ 2.63724271],
       [-0.11592851],
       [ 0.86439884]])]
velocity:[[0.06590274254291925, 0.00209375951362239, 0.011604952650334142]]
predictPositions[[2.64378500432912, -0.11572065794447296, 0.865550886219675]]
9 %%%%%%%%%%
frame_3_measure[[2.6379501819610596, -0.1072843000292778, 0.8645234107971191, 0.0, 1.4581178426742554, 1.4450114965438843, 1.4459716081619263]]
update:[array([[ 2.64285724],
       [-0.11437923],
       [ 0.86538751]])]
velocity:[[0.056256292102307814, 0.015523374949447933, 0.009906274118471566]]
predictPositions[[2.648471769774355, -0.11282995919137258, 0.8663761856638595]]
10 %%%%%%%%%%
frame_3_measure[[2.64097261428833, -0.10015852004289627, 0.8650556802749634, 0.0, 1.4584832191467285, 1.445090889930725, 1.4460359811782837]]
update:[array([[ 2.6473876 ],
       [-0.11099803],
       [ 0.86618528]])]
velocity:[[0.04518777903141558, 0.03372558078915079, 0.007957249321904149]]
predictPositions[[2.651917970091706, -0.10761682089079123, 0.8669830434647959]]
11 %%%%%%%%%%
frame_3_measure[[2.6443707942962646, -0.08844081312417984, 0.8656540513038635, 0.0, 1.4588959217071533, 1.445204257965088, 1.4461086988449097]]
update:[array([[ 2.65090757],
       [-0.10504958],
       [ 0.86680512]])]
velocity:[[0.03585553990144666, 0.06059290675043502, 0.006313924562476629]]
predictPositions[[2.6544275351084754, -0.09910112457498566, 0.8674249634631165]]
12 %%%%%%%%%%%
frame_3_measure[[2.6438050270080566, -0.077177993953228, 0.8632872700691223, 0.0, 1.458827018737793, 1.4452623128890991, 1.4460833072662354]]
update:[array([[ 2.65309143],
       [-0.09634361],
       [ 0.86690452]])]
velocity:[[0.02169536453244758, 0.08648871901005245, 0.0009874828016605245]]
predictPositions[[2.6552752841084835, -0.08763765238582039, 0.8670039209141644]]
13
frame_3_measure[[2.6263060569763184, -0.05455484241247177, 0.8534644842147827, 0.0, 1.4567269086837769, 1.445131778717041, 1.4456809759140015]]
update:[array([[ 2.65181206],
       [-0.08368265],
       [ 0.8653853 ]])]
velocity:[[-0.012823853904472184, 0.12690806922806927, -0.015228000996734955]]
predictPositions[[2.6505326878024835, -0.0710216918920614, 0.8638660831347537]]
14
frame_3_measure[[2.622368335723877, -0.03484508395195007, 0.8482871055603027, 0.0, 1.4562625885009766, 1.4451701641082764, 1.445578694343567]]
update:[array([[ 2.6473025 ],
       [-0.06687258],
       [ 0.86207932]])]
velocity:[[-0.04509105705585686, 0.16808407055938882, -0.03305651581992384]]
predictPositions[[2.6427929514725785, -0.05006250477274299, 0.8587733430856412]]
15
frame_3_measure[[2.6745762825012207, -0.01611398719251156, 0.8526248931884766, 0.0, 1.462658166885376, 1.4461432695388794, 1.4466389417648315]]
update:[array([[ 2.64631666],
       [-0.04629875],
       [ 0.85809169]])]
velocity:[[-0.009990431396739118, 0.20849231939413881, -0.04041015691925053]]
predictPositions[[2.6453308115284404, -0.025724924353585893, 0.8541040494696797]]
16
frame_3_measure[[2.6930618286132812, -0.0019201756222173572, 0.8511345386505127, 0.0, 1.4650392532348633, 1.4465779066085815, 1.4470046758651733]]
update:[array([[ 2.65047779],
       [-0.02315798],
       [ 0.85378384]])]
velocity:[[0.041749264857248426, 0.23217455268494105, -0.04322124245614444]]
predictPositions[[2.6546389309459393, -1.7217978389376387e-05, 0.8494759899017873]]
17
frame_3_measure[[2.7439842224121094, 0.007958764210343361, 0.8573119044303894, 0.0, 1.471879243850708, 1.4476133584976196, 1.4481260776519775]]
update:[array([[2.66405700e+00],
       [8.23546726e-04],
       [8.50301990e-01]])]
velocity:[[0.13540963782090445, 0.23913991093552864, -0.034720420543766096]]
predictPositions[[2.6776362096832056, 0.024805078259346032, 0.8468201416200573]]
18
frame_3_measure[[2.7020881175994873, 0.08510038256645203, 0.8619149923324585, 0.0, 1.4662224054336548, 1.4474773406982422, 1.4472812414169312]]
update:[array([[2.68016626],
       [0.03104385],
       [0.84838201]])]
velocity:[[0.15973803320133567, 0.2996620554847336, -0.019038351609879066]]
predictPositions[[2.696275511480936, 0.06126416040706223, 0.8464620319604332]]
19
frame_3_measure[[2.720231056213379, 0.09068894386291504, 0.8603511452674866, 0.0, 1.4686397314071655, 1.4479329586029053, 1.4476511478424072]]
update:[array([[2.69871675],
       [0.06426275],
       [0.84787743]])]
velocity:[[0.1840874382478749, 0.32965066051148306, -0.005007265484577836]]
predictPositions[[2.7172672378436316, 0.09748164547258105, 0.8473728466207403]]
20
frame_3_measure[[2.7488648891448975, 0.10763374716043472, 0.8628396987915039, 0.0, 1.4725548028945923, 1.4487642049789429, 1.4482886791229248]]
update:[array([[2.72044736],
       [0.0985034 ],
       [0.84892949]])]
velocity:[[0.2203049419104034, 0.34713170615436184, 0.010665846319903327]]
predictPositions[[2.742177965605468, 0.13274404062371792, 0.8499815607340581]]
21
frame_3_measure[[2.733074426651001, 0.11174492537975311, 0.8601810336112976, 0.0, 1.4703811407089233, 1.448432207107544, 1.447922706604004]]
update:[array([[2.74127106],
       [0.13065208],
       [0.85099765]])]
velocity:[[0.2092930704075232, 0.3231172153698904, 0.020786423910327007]]
predictPositions[[2.762094756542886, 0.16280075530816907, 0.853065802317432]]
22
frame_3_measure[[2.8216354846954346, 0.1380004584789276, 0.8750924468040466, 0.0, 1.482987642288208, 1.4509284496307373, 1.4500453472137451]]
update:[array([[2.7679769 ],
       [0.16035069],
       [0.85524186]])]
velocity:[[0.267305294575276, 0.2972606827735462, 0.04248131023813314]]
predictPositions[[2.7946827369862133, 0.1900492997551333, 0.8594860631436673]]
23
frame_3_measure[[2.8379929065704346, 0.1508486121892929, 0.8754130005836487, 0.0, 1.4854153394699097, 1.4515354633331299, 1.4504179954528809]]
update:[array([[2.79893222],
       [0.18620303],
       [0.86104877]])]
velocity:[[0.30956535783172306, 0.25853350105530554, 0.058071454912764095]]
predictPositions[[2.8298875474683722, 0.21205536591813548, 0.8668556926925617]]
24
frame_3_measure[[2.875471591949463, 0.1827676147222519, 0.8742939829826355, 0.0, 1.4910730123519897, 1.4530423879623413, 1.4512431621551514]]
update:[array([[2.83433512],
       [0.2091978 ],
       [0.86758144]])]
velocity:[[0.35088877309603594, 0.22790812517891484, 0.06474718053050466]]
predictPositions[[2.8697380170857656, 0.23219257444661073, 0.8741140984973055]]
25
frame_3_measure[[2.9112563133239746, 0.23493213951587677, 0.8677141070365906, 0.0, 1.4965825080871582, 1.4549798965454102, 1.4519237279891968]]
update:[array([[2.87377033],
       [0.23245864],
       [0.87349252]])]
velocity:[[0.39540646678363467, 0.2332303452476335, 0.059268898722050316]]
predictPositions[[2.913205544788221, 0.2557194891186856, 0.8794036083370347]]
26
frame_3_measure[[2.975755453109741, 0.28215426206588745, 0.8780763745307922, 0.0, 1.5067164897918701, 1.4578957557678223, 1.4535517692565918]]
update:[array([[2.91925767],
       [0.25827723],
       [0.87927519]])]
velocity:[[0.45277522956171, 0.2569949639475059, 0.057559945062320934]]
predictPositions[[2.9647450014488435, 0.2840958156070862, 0.8850578568176318]]
27
frame_3_measure[[3.015072822570801, 0.3092559278011322, 0.8611235022544861, 0.0, 1.5129846334457397, 1.4597502946853638, 1.454021692276001]]
update:[array([[2.96959957],
       [0.28652274],
       [0.88274917]])]
velocity:[[0.4960234965232056, 0.2783055916054707, 0.034229470705482136]]
predictPositions[[3.0199414828213507, 0.31476824158659317, 0.8862231542602813]]
28
frame_3_measure[[3.0117287635803223, 0.3910685181617737, 0.865777313709259, 0.0, 1.5124496221542358, 1.4615188837051392, 1.454058289527893]]
update:[array([[3.01915129],
       [0.32210955],
       [0.88425594]])]
velocity:[[0.4895429002290061, 0.35157757093821773, 0.014885993361805346]]
predictPositions[[3.068703001157805, 0.3576963590696167, 0.8857627034164058]]
29
frame_3_measure[[3.043074131011963, 0.40190985798835754, 0.849748969078064, 0.0, 1.5174747705459595, 1.462902307510376, 1.45432710647583]]
update:[array([[3.06624218],
       [0.36194162],
       [0.88230476]])]
velocity:[[0.47754837986463833, 0.40393675680437624, -0.019786893195102673]]
predictPositions[[3.1133330794682816, 0.4017737009100787, 0.8803535790246203]]
30
frame_3_measure[[3.098832845687866, 0.4219151437282562, 0.8606470823287964, 0.0, 1.526444911956787, 1.465408444404602, 1.4557241201400757]]
update:[array([[3.11194316],
       [0.40370436],
       [0.87846461]])]
velocity:[[0.44120818918037824, 0.4031874935042203, -0.03707370527744854]]
predictPositions[[3.1576441327557765, 0.4454670972824584, 0.8746244636405673]]
31
frame_3_measure[[3.1112475395202637, 0.4385405480861664, 0.849152684211731, 0.0, 1.5284425020217896, 1.466302752494812, 1.4556562900543213]]
update:[array([[3.15320294],
       [0.44480407],
       [0.87218624]])]
velocity:[[0.42643868484952935, 0.4247842771957808, -0.0648897890028058]]
predictPositions[[3.1944627218073496, 0.4859037821554731, 0.8659078771455719]]
32
frame_3_measure[[3.133967876434326, 0.45809406042099, 0.8443703651428223, 0.0, 1.5320945978164673, 1.4676673412322998, 1.4559552669525146]]
update:[array([[3.18867858],
       [0.48324479],
       [0.86384859]])]
velocity:[[0.361394718170046, 0.3916003555904758, -0.08493669485283079]]
predictPositions[[3.2241542119084436, 0.5216855030304808, 0.8555109407894562]]
33
frame_3_measure[[3.1234688758850098, 0.4739583730697632, 0.853595495223999, 0.0, 1.5304077863693237, 1.467727541923523, 1.456014633178711]]
update:[array([[3.21453624],
       [0.51712636],
       [0.85532797]])]
velocity:[[0.2600406355195148, 0.3407341131238087, -0.08568867612994759]]
predictPositions[[3.240393896465809, 0.5510079421400502, 0.8468073429327664]]
34
frame_3_measure[[3.1665804386138916, 0.5023047924041748, 0.8489945530891418, 0.0, 1.5373210906982422, 1.4701451063156128, 1.4566963911056519]]
update:[array([[3.23334822],
       [0.54635911],
       [0.84701612]])]
velocity:[[0.18824164649466588, 0.29251669830360305, -0.08317231973854759]]
predictPositions[[3.25216020448512, 0.5755918487100189, 0.838704267363199]]
35
frame_3_measure[[3.2019457817077637, 0.5343360304832458, 0.8485175371170044, 0.0, 1.5429562330245972, 1.4724335670471191, 1.4573246240615845]]
update:[array([[3.2473701 ],
       [0.57165633],
       [0.83964038]])]
velocity:[[0.14040704896539602, 0.2533119023464179, -0.07385635770639144]]
predictPositions[[3.2613919767336306, 0.5969535557011761, 0.8322646522780188]]
36
frame_3_measure[[3.2183797359466553, 0.5722315907478333, 0.8535794019699097, 0.0, 1.5455595254898071, 1.4742441177368164, 1.4577769041061401]]
update:[array([[3.257291  ],
       [0.59459645],
       [0.83429689]])]
velocity:[[0.0988166103781999, 0.22849386504649075, -0.053223550968972855]]
predictPositions[[3.26721190274319, 0.6175365786006118, 0.8289534034992225]]
37
frame_3_measure[[3.2230210304260254, 0.6178306937217712, 0.8514696955680847, 0.0, 1.5462926626205444, 1.4758769273757935, 1.4577919244766235]]
update:[array([[3.26300031],
       [0.61756461],
       [0.83109931]])]
velocity:[[0.05721605425753653, 0.2301762150846863, -0.03204471442929781]]
predictPositions[[3.2687096188316964, 0.640532763343239, 0.8279017248054682]]
38
frame_3_measure[[3.2685725688934326, 0.7274620532989502, 0.8326244950294495, 0.0, 1.5534322261810303, 1.481338620185852, 1.4579426050186157]]
update:[array([[3.26869656],
       [0.64881469],
       [0.82835167]])]
velocity:[[0.054993619124432035, 0.30169927723658224, -0.02652665195719734]]
predictPositions[[3.2743928138798264, 0.6800647740587294, 0.8256040357394593]]
39
frame_3_measure[[3.2508981227874756, 0.7297240495681763, 0.8302851319313049, 0.0, 1.5506747961044312, 1.4806632995605469, 1.4575777053833008]]
update:[array([[3.27215505],
       [0.68479459],
       [0.82604989]])]
velocity:[[0.03515055839735774, 0.36568348565126896, -0.023394299677924595]]
predictPositions[[3.2756135461710976, 0.7207744858932796, 0.8237481040740572]]
40
frame_3_measure[[3.2893269062042236, 0.7458975911140442, 0.8353714942932129, 0.0, 1.5566468238830566, 1.4828357696533203, 1.4583680629730225]]
update:[array([[3.27691938],
       [0.7231668 ],
       [0.82485492]])]
velocity:[[0.04762945613455184, 0.38361085909131276, -0.011946179061549825]]
predictPositions[[3.281683706934444, 0.7615390036213474, 0.8236599598551648]]
41
frame_3_measure[[3.3334944248199463, 0.7869971394538879, 0.8269246816635132, 0.0, 1.5633926391601562, 1.4861115217208862, 1.4587464332580566]]
update:[array([[3.28661638],
       [0.76396276],
       [0.82397078]])]
velocity:[[0.09781076578740186, 0.4114968591336687, -0.008918102695286652]]
predictPositions[[3.296313378457283, 0.8047587272620366, 0.8230866354635843]]
42
frame_3_measure[[3.354379653930664, 0.8145583271980286, 0.8209701180458069, 0.0, 1.566532015800476, 1.4879683256149292, 1.4588316679000854]]
update:[array([[3.30184077],
       [0.80569156],
       [0.82288516]])]
velocity:[[0.15004888651778175, 0.4112717416136308, -0.010699658469431874]]
predictPositions[[3.317065152099848, 0.8474203604039917, 0.8217995442896644]]
43
frame_3_measure[[3.3846428394317627, 0.8487227559089661, 0.8131584525108337, 0.0, 1.5710169076919556, 1.4904673099517822, 1.4589565992355347]]
update:[array([[3.32349713],
       [0.84754432],
       [0.82097709]])]
velocity:[[0.21828964813658888, 0.4218632370562668, -0.01923275657556198]]
predictPositions[[3.3451534959227067, 0.8893970812275935, 0.8190690250704651]]
44
frame_3_measure[[3.4272360801696777, 0.8879356980323792, 0.79484623670578, 0.0, 1.57718825340271, 1.493661642074585, 1.458791971206665]]
update:[array([[3.35296523],
       [0.889258  ],
       [0.81676376]])]
velocity:[[0.29842521256013965, 0.422436935396456, -0.04266866859055077]]
predictPositions[[3.3824333326313734, 0.9309716839016313, 0.812550428660682]]
45
frame_3_measure[[3.471097469329834, 0.931192934513092, 0.7909697890281677, 0.0, 1.5833531618118286, 1.4970581531524658, 1.4591420888900757]]
update:[array([[3.39087072],
       [0.93099274],
       [0.81049679]])]
velocity:[[0.3639023834605468, 0.4006641630541805, -0.06016453676702241]]
predictPositions[[3.4287762038701732, 0.972727474224849, 0.8042298173151893]]
46
frame_3_measure[[3.4943220615386963, 0.9700481295585632, 0.7935857176780701, 0.0, 1.586532711982727, 1.4995044469833374, 1.4595003128051758]]
update:[array([[3.4350132 ],
       [0.97247252],
       [0.80321698]])]
velocity:[[0.4572422007336555, 0.4296611517145063, -0.0754066208089448]]
predictPositions[[3.4791556724314767, 1.0139523060227402, 0.7959371748843285]]
47
frame_3_measure[[3.5362045764923096, 0.9955615997314453, 0.7922384142875671, 0.0, 1.5921074151992798, 1.5020725727081299, 1.459873080253601]]
update:[array([[3.48458383],
       [1.01220244],
       [0.79558524]])]
velocity:[[0.4932080547754472, 0.39529686816355897, -0.07593278115735277]]
predictPositions[[3.5341544693471163, 1.0519323664341909, 0.7879534992096523]]





48
frame_3_measure[[3.53171706199646, 1.0028712749481201, 0.7856836318969727, 0.0, 1.5915203094482422, 1.5022218227386475, 1.4595539569854736]]
update:[array([[3.53392256],
       [1.04726446],
       [0.78773753]])]
velocity:[[0.4919229014883831, 0.3495794668556805, -0.0782441510627688]]
predictPositions[[3.583261293034574, 1.0823264699174082, 0.7798898255014325]]
49
frame_3_measure[[3.5917768478393555, 1.0482767820358276, 0.779922366142273, 0.0, 1.5991655588150024, 1.5061932802200317, 1.4598544836044312]]
update:[array([[3.58407147],
       [1.07908694],
       [0.77989292]])]
velocity:[[0.5008674268757642, 0.31783034484544026, -0.0783488688980463]]
predictPositions[[3.6342203840524347, 1.1109094247435234, 0.7720483098506183]]
50
frame_3_measure[[3.681405544281006, 1.0970375537872314, 0.7894028425216675, 0.0, 1.6096584796905518, 1.5109943151474, 1.460964322090149]]
update:[array([[3.6387095 ],
       [1.10958968],
       [0.77369939]])]
velocity:[[0.5593472597319082, 0.3122664636982343, -0.06340519808930122]]
predictPositions[[3.6933475237881472, 1.1400924169483415, 0.7675058586728918]]
51
frame_3_measure[[3.678637742996216, 1.102217674255371, 0.7859556078910828, 0.0, 1.6093518733978271, 1.5111541748046875, 1.4607895612716675]]
update:[array([[3.6919481 ],
       [1.13648917],
       [0.76926109]])]
velocity:[[0.5329659198748005, 0.26928794487695995, -0.04443133558540116]]
predictPositions[[3.7451866939780687, 1.1633886631888015, 0.7648227924722677]]
52
frame_3_measure[[3.65584659576416, 1.0960438251495361, 0.7835643887519836, 0.0, 1.6067841053009033, 1.5102455615997314, 1.4605201482772827]]
update:[array([[3.73668742],
       [1.15698189],
       [0.76660575]])]
velocity:[[0.44752815110678, 0.2049889457905374, -0.026561386560576283]]
predictPositions[[3.78142675297945, 1.1774746050839602, 0.76395041487035]]
53
frame_3_measure[[3.726701021194458, 1.1410088539123535, 0.7909982800483704, 0.0, 1.6145100593566895, 1.5141406059265137, 1.461330771446228]]
update:[array([[3.77622057],
       [1.17400554],
       [0.76652354]])]
velocity:[[0.39407940834808175, 0.1696973242825101, -0.0008195357066406218]]
predictPositions[[3.8157537174335885, 1.1910291842437941, 0.7664413251680607]]
54
frame_3_measure[[3.818530559539795, 1.2542530298233032, 0.7416921854019165, 0.0, 1.6233464479446411, 1.5213420391082764, 1.4594799280166626]]
update:[array([[3.81601788],
       [1.19704373],
       [0.76408692]])]
velocity:[[0.3846120546298113, 0.22264735725555412, -0.02354818344884134]]
predictPositions[[3.8558151909338454, 1.2200819176974145, 0.7616502942777323]]
55
frame_3_measure[[3.9055426120758057, 1.2952953577041626, 0.7394309639930725, 0.0, 1.6304141283035278, 1.524564266204834, 1.4596312046051025]]
update:[array([[3.86054575],
       [1.22723696],
       [0.75953657]])]
velocity:[[0.45085476070322283, 0.3057133067399133, -0.04607325767904589]]
predictPositions[[3.90507362354974, 1.2574301926320535, 0.7549862294420644]]
56
frame_3_measure[[3.9178574085235596, 1.3140722513198853, 0.7438609004020691, 0.0, 1.6313079595565796, 1.5255964994430542, 1.4598699808120728]]
update:[array([[3.90628973],
       [1.26281849],
       [0.75392789]])]
velocity:[[0.4557884669127696, 0.3545308525143128, -0.05588437475122034]]
predictPositions[[3.9520337107670414, 1.2984000239575697, 0.7483192042044299]]
57
frame_3_measure[[3.841644287109375, 1.2741438150405884, 0.7503490447998047, 0.0, 1.6253507137298584, 1.522678256034851, 1.4599714279174805]]
update:[array([[3.94153256],
       [1.29609257],
       [0.7485123 ]])]
velocity:[[0.3542886490697202, 0.3344972441208998, -0.054441763126835206]]
predictPositions[[3.976775392295417, 1.3293666563176108, 0.7430967099979441]]
58
frame_3_measure[[3.944538116455078, 1.3527907133102417, 0.7428200840950012, 0.0, 1.6331520080566406, 1.5277044773101807, 1.459869146347046]]
update:[array([[3.97370874],
       [1.33159493],
       [0.7430704 ]])]
velocity:[[0.31541878856852534, 0.34802490949691073, -0.053346265909016546]]
predictPositions[[4.005884912126999, 1.36709728805859, 0.7376284911515182]]
59
frame_3_measure[[4.000327110290527, 1.394723653793335, 0.7442383170127869, 0.0, 1.6365941762924194, 1.5300620794296265, 1.4600026607513428]]
update:[array([[4.00535621],
       [1.3697253 ],
       [0.73825726]])]
velocity:[[0.30955162282767007, 0.3729623998067327, -0.04707839060133554]]
predictPositions[[4.037003691762867, 1.4078556788059355, 0.7334441345953083]]
60
frame_3_measure[[4.015327453613281, 1.4324257373809814, 0.7455291152000427, 0.0, 1.6374232769012451, 1.5319308042526245, 1.4600739479064941]]
update:[array([[4.0349417 ],
       [1.41019295],
       [0.73459374]])]
velocity:[[0.3119176974610651, 0.4266474902612941, -0.038624290775465156]]
predictPositions[[4.064527189835708, 1.4506605913188952, 0.7309302136456493]]
61
frame_3_measure[[3.99003005027771, 1.4277204275131226, 0.7399306893348694, 0.0, 1.6360013484954834, 1.5316120386123657, 1.4597864151000977]]
update:[array([[4.05744054],
       [1.44847838],
       [0.7317864 ]])]
velocity:[[0.22437665333871848, 0.3818132446312701, -0.027997092031014106]]
predictPositions[[4.079939387831829, 1.4867638040085245, 0.7289790537525634]]
62
frame_3_measure[[4.028041839599609, 1.4485849142074585, 0.7431690692901611, 0.0, 1.6380937099456787, 1.5327374935150146, 1.459964632987976]]
update:[array([[4.07500257],
       [1.48313199],
       [0.7303289 ]])]
velocity:[[0.1781959211906849, 0.35161843091385214, -0.014788769661240384]]
predictPositions[[4.092564604435162, 1.5177856115724118, 0.72887139362807]]
63
frame_3_measure[[4.0312371253967285, 1.460416316986084, 0.7434413433074951, 0.0, 1.638257622718811, 1.5333137512207031, 1.459978699684143]]
update:[array([[4.08673077],
       [1.5123283 ],
       [0.73025737]])]
velocity:[[0.11671607651834615, 0.2905543643721402, -0.0007117656017180496]]
predictPositions[[4.098458969125157, 1.5415246161132086, 0.7301858517556169]]
64
frame_3_measure[[4.05230188369751, 1.480556845664978, 0.738286018371582, 0.0, 1.639290690422058, 1.5342941284179688, 1.459730625152588]]
update:[array([[4.09406824],
       [1.53572501],
       [0.73095639]])]
velocity:[[0.07347813507624909, 0.2342968737136773, 0.006999979745519267]]
predictPositions[[4.10140571302282, 1.5591217193624565, 0.7316553986961317]]
65
frame_3_measure[[4.092648983001709, 1.4992808103561401, 0.7416542172431946, 0.0, 1.641040563583374, 1.5351063013076782, 1.4598767757415771]]
update:[array([[4.10057272],
       [1.55342932],
       [0.73260654]])]
velocity:[[0.06445645016150754, 0.17544160838423328, 0.016352295988547753]]
predictPositions[[4.107077205404508, 1.5711336233303062, 0.7342566983108044]]
