0
[array([[ 2.90068197],
       [ 1.26656946],
       [ 0.7267206 ]])]
1
[array([[ 2.89873409],
       [ 1.26820331],
       [ 0.72401547]])]
2
[array([[ 2.8630867 ],
       [ 1.25015365],
       [ 0.72248603]])]
3
[array([[ 2.89785028],
       [ 1.26533301],
       [ 0.72640165]])]
4
[array([[ 2.87284756],
       [ 1.25441569],
       [ 0.72358545]])]
5
[array([[ 2.88853741],
       [ 1.26126659],
       [ 0.72535269]])]
6
[array([[ 2.87179279],
       [ 1.25395513],
       [ 0.72346665]])]
7
[array([[ 2.86480117],
       [ 1.25090227],
       [ 0.7202225 ]])]
8
[array([[ 2.86600757],
       [ 1.25142904],
       [ 0.72281502]])]
9
[array([[ 2.87050867],
       [ 1.25093423],
       [ 0.72332201]])]
10
[array([[ 2.8994534 ],
       [ 1.26603301],
       [ 0.72409587]])]
11
[array([[ 2.87325835],
       [ 1.25459506],
       [ 0.72363172]])]
12
[array([[ 2.86730456],
       [ 1.25199537],
       [ 0.72296111]])]
13
[array([[ 2.8748455 ],
       [ 1.25528808],
       [ 0.72381049]])]
14
[array([[ 2.84884286],
       [ 1.24393415],
       [ 0.72088166]])]
15
[array([[ 2.89023757],
       [ 1.26200896],
       [ 0.72554419]])]
16
[array([[ 2.86689281],
       [ 1.25181558],
       [ 0.72291473]])]
17
[array([[ 2.90080142],
       [ 1.26662161],
       [ 0.72673406]])]
18
[array([[ 2.8861053 ],
       [ 1.26020462],
       [ 0.72507875]])]
19
[array([[ 2.86996078],
       [ 1.25315519],
       [ 0.7232603 ]])]
20
[array([[ 2.87124348],
       [ 1.25371527],
       [ 0.72340477]])]
21
[array([[ 2.88372755],
       [ 1.26163791],
       [ 0.72481093]])]
22
[array([[ 2.88702106],
       [ 1.26060448],
       [ 0.72270621]])]
