0
[array([[ 2.26459098],
       [-0.53477235],
       [ 0.76188076]])]
1
[array([[ 2.26341558],
       [-0.53449478],
       [ 0.76169293]])]
2
[array([[ 2.26801896],
       [-0.53363803],
       [ 0.76242855]])]
3
[array([[ 2.27084255],
       [-0.53624863],
       [ 0.76093246]])]
4
[array([[ 2.27021694],
       [-0.53415519],
       [ 0.76277979]])]
5
[array([[ 2.25451136],
       [-0.5323921 ],
       [ 0.76027004]])]
6
[array([[ 2.27413726],
       [-0.53702666],
       [ 0.76340626]])]
7
[array([[ 2.27187872],
       [-0.53454618],
       [ 0.76499353]])]
8
[array([[ 2.27966166],
       [-0.53637742],
       [ 0.76233419]])]
9
[array([[ 2.26442266],
       [-0.5347326 ],
       [ 0.76185387]])]
10
[array([[ 2.26411772],
       [-0.53466059],
       [ 0.76180514]])]
11
[array([[ 2.271909  ],
       [-0.53650047],
       [ 0.76305018]])]
12
[array([[ 2.27075624],
       [-0.53428208],
       [ 0.76286597]])]
13
[array([[ 2.26101947],
       [-0.53392896],
       [ 0.76131004]])]
14
[array([[ 2.26520872],
       [-0.53491823],
       [ 0.76197948]])]
15
[array([[ 2.26722407],
       [-0.53539414],
       [ 0.76230153]])]
16
[array([[ 2.27783918],
       [-0.53790085],
       [ 0.76399782]])]
17
[array([[ 2.25545549],
       [-0.53261505],
       [ 0.76042092]])]
18
[array([[ 2.27440929],
       [-0.5370909 ],
       [ 0.76344973]])]
19
[array([[ 2.27759004],
       [-0.53784202],
       [ 0.76395801]])]
