0
[array([[ 2.9496839 ],
       [ 0.02842873],
       [ 0.71706342]])]
1
[array([[ 2.92866707],
       [ 0.02788616],
       [ 0.71480431]])]
2
[array([[ 2.98012948],
       [ 0.03285082],
       [ 0.72033604]])]
3
[array([[ 2.9416194 ],
       [ 0.02977853],
       [ 0.71619656]])]
4
[array([[ 2.90805292],
       [ 0.02238201],
       [ 0.71258848]])]
5
[array([[ 2.94014025],
       [ 0.02956243],
       [ 0.71603757]])]
6
[array([[ 2.97290468],
       [ 0.0343494 ],
       [ 0.71955944]])]
7
[array([[ 2.97263122],
       [ 0.03430945],
       [ 0.71953005]])]
8
[array([[ 2.94750214],
       [ 0.03063802],
       [ 0.7168289 ]])]
9
[array([[ 2.95312023],
       [ 0.03145884],
       [ 0.7174328 ]])]
10
[array([[ 2.96856236],
       [ 0.03117074],
       [ 0.71909268]])]
11
[array([[ 2.92816758],
       [ 0.02530358],
       [ 0.71475062]])]
12
[array([[ 2.93448758],
       [ 0.02873656],
       [ 0.71542996]])]
13
[array([[ 2.96509767],
       [ 0.03066751],
       [ 0.71872026]])]
14
[array([[ 2.92572689],
       [ 0.0274566 ],
       [ 0.71448827]])]
