0
[array([[ 3.32438636],
       [-1.41012417],
       [ 0.60054966]])]
1
[array([[ 3.32622075],
       [-1.41068155],
       [ 0.60066032]])]
2
[array([[ 3.32827902],
       [-1.40845443],
       [ 0.60078449]])]
3
[array([[ 3.30923676],
       [-1.40268471],
       [ 0.60247348]])]
4
[array([[ 3.30935502],
       [-1.40555685],
       [ 0.60248071]])]
5
[array([[ 3.31343055],
       [-1.40395541],
       [ 0.60273007]])]
6
[array([[ 3.32749319],
       [-1.41106819],
       [ 0.60073708]])]
7
[array([[ 3.31949043],
       [-1.40863653],
       [ 0.6002543 ]])]
8
[array([[ 3.32867455],
       [-1.41142715],
       [ 0.60080835]])]
9
[array([[ 3.31410456],
       [-1.40700001],
       [ 0.59708746]])]
10
[array([[ 3.32699442],
       [-1.40806521],
       [ 0.60070699]])]
11
[array([[ 3.32467794],
       [-1.40736332],
       [ 0.59771626]])]
12
[array([[ 3.32738638],
       [-1.41103573],
       [ 0.59787732]])]
13
[array([[ 3.3266871 ],
       [-1.41082325],
       [ 0.59783574]])]
