0
[array([[ 2.77504396],
       [ 1.11614207],
       [-0.39873524]])]
1
[array([[ 2.67909837],
       [ 1.0637223 ],
       [-0.36652464]])]
2
[array([[ 2.66448569],
       [ 1.06258954],
       [-0.36234376]])]
3
[array([[ 2.53808093],
       [ 0.98667759],
       [-0.32400126]])]
5
[array([[ 2.62653351],
       [ 1.03500355],
       [-0.35373747]])]
6
[array([[ 2.66613817],
       [ 1.05207144],
       [-0.36281656]])]
10
[array([[ 2.5386138],
       [ 0.9804415],
       [-0.3176225]])]
11
[array([[ 2.91039586],
       [ 1.17761953],
       [-0.4302061 ]])]
12
[array([[ 2.71229362],
       [ 1.07023553],
       [-0.37602223]])]
